# initial norm:	56
# finial norm:	0.000547
# ratio:	9.767e-06
# iterations:	352
0 0 0 0 0 0 0 0 0 0 0 0 0 0 0 0 0 0 0 0 0 0 0 0 0 0 0 0 0 0 0 
1 0.5 0.3023 0.2094 0.1584 0.127 0.1058 0.0906 0.0791 0.07006 0.06274 0.05665 0.05147 0.04696 0.04297 0.03937 0.03607 0.033 0.03011 0.02736 0.0247 0.02212 0.01959 0.0171 0.01464 0.01219 0.009746 0.007308 0.004872 0.002436 0 
1 0.6977 0.5 0.3767 0.2974 0.2438 0.2057 0.1775 0.1557 0.1384 0.1243 0.1124 0.1023 0.09341 0.08554 0.07843 0.0719 0.06582 0.06009 0.05461 0.04933 0.04419 0.03915 0.03418 0.02926 0.02437 0.01949 0.01461 0.009743 0.004872 0 
1 0.7906 0.6233 0.5 0.4106 0.345 0.2958 0.2579 0.2279 0.2036 0.1835 0.1664 0.1518 0.1389 0.1274 0.1169 0.1073 0.0983 0.0898 0.08167 0.07381 0.06616 0.05864 0.05122 0.04386 0.03653 0.02922 0.02192 0.01461 0.007308 0 
1 0.8416 0.7026 0.5894 0.5 0.4299 0.3746 0.3303 0.2944 0.2646 0.2396 0.2181 0.1995 0.183 0.1681 0.1546 0.142 0.1303 0.1191 0.1085 0.0981 0.08798 0.07803 0.06819 0.05842 0.04868 0.03895 0.02922 0.01949 0.009746 0 
1 0.873 0.7562 0.655 0.5701 0.5 0.4423 0.3945 0.3546 0.3209 0.2921 0.2671 0.245 0.2254 0.2076 0.1912 0.176 0.1617 0.148 0.1349 0.1221 0.1096 0.09731 0.0851 0.07294 0.06081 0.04868 0.03653 0.02437 0.01219 0 
1 0.8942 0.7943 0.7042 0.6254 0.5577 0.5 0.4508 0.4087 0.3724 0.3408 0.313 0.2882 0.2659 0.2455 0.2267 0.2091 0.1924 0.1764 0.161 0.1459 0.1311 0.1165 0.1019 0.08744 0.07294 0.05842 0.04386 0.02926 0.01464 0 
1 0.9094 0.8225 0.7421 0.6697 0.6055 0.5492 0.5 0.457 0.4192 0.3857 0.3559 0.329 0.3045 0.282 0.261 0.2412 0.2224 0.2043 0.1867 0.1694 0.1524 0.1356 0.1188 0.1019 0.0851 0.06819 0.05122 0.03418 0.0171 0 
1 0.9209 0.8443 0.7721 0.7056 0.6454 0.5913 0.543 0.5 0.4615 0.427 0.3958 0.3674 0.3412 0.3169 0.2941 0.2724 0.2517 0.2316 0.212 0.1927 0.1736 0.1546 0.1356 0.1165 0.09731 0.07803 0.05864 0.03915 0.01959 0 
1 0.9299 0.8616 0.7964 0.7354 0.6791 0.6276 0.5808 0.5385 0.5 0.465 0.433 0.4034 0.376 0.3503 0.326 0.3027 0.2803 0.2584 0.237 0.2158 0.1947 0.1736 0.1524 0.1311 0.1096 0.08798 0.06615 0.04419 0.02212 0 
1 0.9373 0.8757 0.8165 0.7604 0.7079 0.6592 0.6143 0.573 0.535 0.5 0.4676 0.4374 0.4091 0.3823 0.3568 0.3322 0.3083 0.2849 0.2617 0.2388 0.2158 0.1927 0.1694 0.1459 0.1221 0.09809 0.07381 0.04933 0.0247 0 
1 0.9433 0.8876 0.8336 0.7819 0.7329 0.687 0.6441 0.6042 0.567 0.5324 0.5 0.4695 0.4406 0.4131 0.3866 0.3609 0.3358 0.311 0.2864 0.2617 0.237 0.212 0.1867 0.161 0.1349 0.1084 0.08167 0.05461 0.02735 0 
1 0.9485 0.8977 0.8482 0.8005 0.755 0.7118 0.671 0.6326 0.5966 0.5626 0.5305 0.5 0.4709 0.4429 0.4157 0.3891 0.363 0.337 0.311 0.2849 0.2584 0.2316 0.2043 0.1764 0.148 0.1191 0.0898 0.06008 0.03011 0 
1 0.953 0.9066 0.8611 0.817 0.7746 0.7341 0.6955 0.6588 0.624 0.5909 0.5594 0.5291 0.5 0.4717 0.4441 0.4169 0.39 0.363 0.3358 0.3083 0.2803 0.2517 0.2224 0.1924 0.1617 0.1303 0.0983 0.06582 0.033 0 
1 0.957 0.9145 0.8726 0.8319 0.7924 0.7545 0.718 0.6831 0.6497 0.6177 0.5869 0.5571 0.5283 0.5 0.4722 0.4446 0.4169 0.3891 0.3609 0.3322 0.3027 0.2724 0.2412 0.2091 0.176 0.142 0.1073 0.0719 0.03607 0 
1 0.9606 0.9216 0.8831 0.8454 0.8088 0.7733 0.739 0.7059 0.674 0.6432 0.6134 0.5843 0.5559 0.5278 0.5 0.4722 0.4441 0.4157 0.3866 0.3568 0.3259 0.2941 0.261 0.2267 0.1912 0.1546 0.1169 0.07843 0.03936 0 
1 0.9639 0.9281 0.8927 0.858 0.824 0.7909 0.7588 0.7276 0.6973 0.6678 0.6391 0.6109 0.5831 0.5554 0.5278 0.5 0.4717 0.4429 0.4131 0.3823 0.3503 0.3169 0.282 0.2455 0.2076 0.1681 0.1274 0.08554 0.04297 0 
1 0.967 0.9342 0.9017 0.8697 0.8383 0.8076 0.7776 0.7483 0.7197 0.6917 0.6642 0.637 0.61 0.5831 0.5559 0.5283 0.5 0.4709 0.4406 0.4091 0.376 0.3412 0.3045 0.2659 0.2254 0.183 0.1389 0.09341 0.04696 0 
1 0.9699 0.9399 0.9102 0.8809 0.852 0.8236 0.7957 0.7684 0.7416 0.7151 0.689 0.663 0.637 0.6109 0.5843 0.5571 0.5291 0.5 0.4695 0.4374 0.4034 0.3673 0.329 0.2882 0.245 0.1995 0.1518 0.1023 0.05147 0 
1 0.9726 0.9454 0.9183 0.8915 0.8651 0.839 0.8133 0.788 0.763 0.7383 0.7136 0.689 0.6642 0.6391 0.6134 0.5869 0.5594 0.5305 0.5 0.4676 0.4329 0.3958 0.3559 0.313 0.2671 0.2181 0.1664 0.1124 0.05665 0 
1 0.9753 0.9507 0.9262 0.9019 0.8779 0.8541 0.8306 0.8073 0.7842 0.7612 0.7383 0.7151 0.6917 0.6678 0.6432 0.6177 0.5909 0.5626 0.5324 0.5 0.465 0.427 0.3857 0.3408 0.2921 0.2396 0.1835 0.1243 0.06274 0 
1 0.9779 0.9558 0.9338 0.912 0.8904 0.8689 0.8476 0.8264 0.8053 0.7842 0.763 0.7416 0.7197 0.6973 0.6741 0.6497 0.624 0.5966 0.5671 0.535 0.5 0.4615 0.4191 0.3724 0.3209 0.2646 0.2036 0.1384 0.07006 0 
1 0.9804 0.9608 0.9414 0.922 0.9027 0.8835 0.8644 0.8454 0.8264 0.8073 0.788 0.7684 0.7483 0.7276 0.7059 0.6831 0.6588 0.6327 0.6042 0.573 0.5385 0.5 0.457 0.4087 0.3546 0.2944 0.2279 0.1557 0.0791 0 
1 0.9829 0.9658 0.9488 0.9318 0.9149 0.8981 0.8812 0.8644 0.8476 0.8306 0.8133 0.7957 0.7776 0.7588 0.739 0.718 0.6955 0.671 0.6441 0.6143 0.5809 0.543 0.5 0.4508 0.3945 0.3303 0.2579 0.1775 0.0906 0 
1 0.9854 0.9707 0.9561 0.9416 0.9271 0.9126 0.8981 0.8835 0.8689 0.8541 0.839 0.8236 0.8076 0.7909 0.7733 0.7545 0.7341 0.7118 0.687 0.6592 0.6276 0.5913 0.5492 0.5 0.4423 0.3746 0.2958 0.2057 0.1058 0 
1 0.9878 0.9756 0.9635 0.9513 0.9392 0.9271 0.9149 0.9027 0.8904 0.8779 0.8651 0.852 0.8383 0.824 0.8088 0.7924 0.7746 0.755 0.7329 0.7079 0.6791 0.6454 0.6055 0.5577 0.5 0.4299 0.345 0.2438 0.127 0 
1 0.9903 0.9805 0.9708 0.9611 0.9513 0.9416 0.9318 0.922 0.912 0.9019 0.8916 0.8809 0.8697 0.858 0.8454 0.8319 0.817 0.8005 0.7819 0.7604 0.7354 0.7056 0.6697 0.6254 0.5701 0.5 0.4106 0.2974 0.1584 0 
1 0.9927 0.9854 0.9781 0.9708 0.9635 0.9561 0.9488 0.9414 0.9338 0.9262 0.9183 0.9102 0.9017 0.8927 0.8831 0.8726 0.8611 0.8482 0.8336 0.8165 0.7964 0.7721 0.7421 0.7042 0.655 0.5894 0.5 0.3767 0.2094 0 
1 0.9951 0.9903 0.9854 0.9805 0.9756 0.9707 0.9658 0.9608 0.9558 0.9507 0.9454 0.9399 0.9342 0.9281 0.9216 0.9145 0.9066 0.8977 0.8876 0.8757 0.8616 0.8443 0.8225 0.7943 0.7562 0.7026 0.6233 0.5 0.3023 0 
1 0.9976 0.9951 0.9927 0.9903 0.9878 0.9854 0.9829 0.9804 0.9779 0.9753 0.9726 0.9699 0.967 0.9639 0.9606 0.957 0.953 0.9485 0.9433 0.9373 0.9299 0.9209 0.9094 0.8942 0.873 0.8416 0.7906 0.6977 0.5 0 
1 1 1 1 1 1 1 1 1 1 1 1 1 1 1 1 1 1 1 1 1 1 1 1 1 1 1 1 1 1 1 
